LR: 0.983333 (0.033333)
LDA: 0.975000 (0.038188)
KNN: 0.983333 (0.033333)
CART: 0.950000 (0.076376)
NB: 0.966667 (0.040825)
SVM: 0.983333 (0.033333)
